! Block Level 1
! # = Tile Legend 
! 5 = TileDirt
! 8 = GrassTop
! 2 = GrassBot
! 4 = GrassLeft
! 6 = GrassRight 
! 1 = Coin                                                                                                                                                                                                                  
222222222222222222222222222222222222222222222222222222222222222222222222222222222222222222222222222222222222222222222222222222222222222222222222222222222222222222222222222222222222222222222222222222222222222222222222222222222222222222222222222222222222222222222222222222222222222222222222222222222222222222222222222222222222222222222222222222222222222222222555555555555555555555555555555555555555555555555555555555555555555555555555555555555555555555555555555555555555555555555555555555555555555555555555555555555555555555555555555555555555555555555555555555555555555555555555555555555555555555555555555555555555555555555555555555555555555555555555555555555555555555555555555555555511111111111111111111111111111111111111111111111111111111111111111111111111111111111111111111111111111111111111111111111111111111111111111111111111111111111111111111111111111111111111111111111111111111111111111111111111111111111111111111111111111111111111111111111111111111111111111
                                                          
                                                          
                                                                                                                                                   
                                                                                                                                                                                                                                            8            8                 8         8              8            8                                                             8888888888888888888
                                                                                                                                                                   88                                                                 88888888888888888888888888888888888888888                                                          8                                    8
                                                                                                                                                               8888                                                                  88888888888888888888888888888888888                                                                    8                                      8
                                                                                                                                                             888888                                                                  888888888888888888888888888888                                                                           8                                        8
                                                                                                                                                           8888888                                                                   8888888888888888888888                                                                                        8                                        8                                                                                                                                                                                                                               88888                8                         8
                     888                        88                                             8            8 8 8        8 8             88888888888      88888888                                                                                                8      8     8     8                                8      8      8                                         8                            8              8                  8                         8                8               8              8             8                              888888             888                     888
           888     88      8                888   88                   888      88888      88888     88888          8888888888888                       88                                                                                                                            88      8     8     88              8            8888888888        8                           88888     88888     888   88   8888  8   8    8888               8              8               8               8              8              8                    8888888          88888                 88888        888
888888888888888888888888888888888888888888888888888888888888888888888888888888888888888888888888888888888888888888888888888888888888888888888888888888888888888888888888888888888888888888888888888888888888888888888888888888888888888888888888888888888888888888888888888888888888888888888888888888888888888888888888888888888888888888888888888888888888888888888555555555555555555555555555555555555555555555555555555555555555555555555555555555555555555555555555555555555555555555555555555555555555555555555555555555555555555555555555555555555555555555555555555555555555555555555555555555555555555555555555555555555555555555555555555555555555555555555555555555555555555555555555555555555511111111111111111111111111111111111111111111111111111111111111111111111111111111111111111111111111111111111111111111111111111111111111111111111111111111111111111111111111111111111111111111111111111111111111111111111111111111111111111111111111111111111111111111111111111111111111111